-3.338917627869282811e-01 -2.634078800555768041e-01 2.649851435606035976e-01 1.555983395500262878e+00 3.905360207475118695e-01 -4.877295865078054571e-01 -1.259465934862513015e+00 -5.539764662273869433e-01 2.714245867355356001e-01 9.889616343564574530e-01 -1.609889176234707175e+00 6.059546565220602643e-01 -1.175415363793883117e+00 -4.061508254303487497e-01 7.190440489898692888e-01 8.565630019648199367e-01 -1.546220456033263080e+00 2.159606475940112902e-01 -5.034397508891110817e-01 -2.102741099787868162e+00
9.694375984397662904e-01 9.647289590755322997e-02 9.091596645306321278e-02 -1.971285978598367461e-01 1.579488621571889517e-01 -7.191935012550075834e-01 1.784982820938665546e-02 -1.214614651732655259e+00 4.911488883210054501e-01 2.815586373410560728e-01 -3.188630309115917383e-01 3.057638791059625882e-01 -5.772223785944761154e-01 -4.587091768618736243e-01 1.224553813628446314e-01 1.727471684696805718e-02 -7.457661148724741285e-01 -1.419793055483055746e-02 4.567932263283525085e-01 -3.043042135931363634e-01
7.251917295324027124e-02 -1.171433424907061954e-01 -1.751406855752216662e-01 -3.029830460635201273e-03 2.210467434142771304e-01 7.052573291127778310e-02 1.589377010845725025e-01 -8.265146043525596620e-02 -2.298840378279680408e-02 1.903089368802821923e-01 9.513845780660251661e-02 -6.759158751504876043e-03 7.165533501293915031e-02 -3.047581369326195222e-02 1.165463320541920977e-01 1.914451899128204460e-01 -1.607283194455358111e-01 -2.365629049487880803e-02 1.378495545940942590e-01 -1.667178525789025922e-02
4.760025687495295782e-02 -7.532546497690284807e-04 3.290561217424500806e-02 5.979598267497293618e-02 7.293722952949202587e-02 -4.984669530430978907e-02 5.452076651746445846e-02 -1.726008920736893035e-02 -7.816790362355822974e-02 6.007891181588641966e-02 5.315856169253906777e-02 6.119788966992799339e-02 7.921460739405253304e-02 8.232792620138384976e-02 5.413599042133834804e-02 -3.358676720354460132e-02 -1.499732415211587136e-02 1.752443003535955612e-02 5.190552164760327269e-02 -4.445444954545726968e-02
-1.778807955442380032e-03 -2.829325464269298943e-03 2.163294530746591449e-02 -1.094251263641554152e-02 2.993888164494304741e-02 8.327184611691204478e-04 4.412048609183356201e-02 6.515191670336310749e-05 -2.131638042514464107e-02 -1.328062420902152707e-02 -2.780567368482226090e-02 3.623438206749695495e-02 6.281470055920041103e-03 -2.004510654396846753e-03 3.828503614551116707e-02 -6.711745258280793318e-03 7.281567733946670874e-03 -1.784792803836796407e-02 -5.460696132121113655e-03 -5.020124449608451972e-03
3.839880086505178831e-03 8.086787419401615662e-03 7.499332799155579432e-03 6.131674019493324641e-03 -3.703375150124449833e-03 2.698604695252231501e-03 9.808947036604800940e-03 4.104269342545139622e-03 2.039090494113082394e-03 3.213085960851971845e-03 -6.467139846067215640e-03 -2.026284082950848605e-03 1.134518121948316013e-02 -7.786900432333693396e-03 2.199304158715341233e-03 -3.857957279644592496e-04 -1.561490582484132339e-03 -1.485709092597092829e-02 2.341042823439545926e-03 -3.791510626568692002e-03
4.470118690280131587e-04 -2.348589961876175383e-03 2.233475547418538841e-03 2.418716474767929677e-04 -3.183655861642561090e-04 1.968766917514783166e-03 9.384935074287394227e-04 -1.715122075174439504e-03 4.351710319831082849e-05 1.239361653138167920e-03 1.286897970184867999e-04 -1.759000377668528705e-04 -2.124720703240016942e-06 -3.072838088835931278e-05 -1.880301274413126141e-03 3.611527763377600427e-05 1.923338580794995561e-03 -1.537075827088925720e-03 -2.408344649347289460e-04 -1.653495788882065843e-03
4.426318294533837690e-04 -4.738238917851224255e-04 -3.160214768039627830e-04 2.972948681871581548e-04 -1.346012712785905820e-04 -1.001242654365156821e-04 3.519770363041874205e-04 3.202652408382968669e-04 3.897490533189311912e-04 2.681368631117805965e-04 -6.371985574745482475e-04 3.623837548127508529e-04 8.538799751154081664e-05 1.568537227479600493e-05 -4.493793257216917737e-04 1.567682706914935264e-04 7.945193511131573615e-04 2.871789520097967540e-04 2.766145252106767122e-04 -1.217460701865350468e-04
-1.124646878928989871e-04 -7.485720387315298392e-05 -7.717202869126323149e-05 -2.755961666815298459e-06 -1.918204312426743182e-04 -2.485245999816452795e-04 1.338620661167671990e-04 7.772999375167570296e-05 -2.810394430566355171e-06 1.513861070990086069e-04 1.226216771189144361e-04 2.162419947363371296e-04 -8.200161912669216434e-05 -9.815645736099490185e-05 -7.106673909492505976e-05 1.166080834137267101e-04 1.248109397571235657e-04 -9.885210495939872463e-05 -1.356038720980267922e-05 -3.470763670813000444e-05
-5.799908999836442787e-06 3.793096259555152415e-05 -4.726240141482135457e-05 -4.402312001079469977e-05 -2.706600901691045985e-05 -1.486335510437676751e-05 2.028746463721050938e-05 -1.922210909223162338e-05 -4.133961869728389421e-05 4.347595798861616205e-06 -2.431666589985227324e-05 1.310132467774585050e-05 1.435997160312247351e-05 3.674093866648236187e-05 -4.686258380420228688e-05 3.396595971746422914e-05 9.785347850471038278e-07 -1.514567196809034078e-05 -1.901618364114798554e-05 -4.697060051426037419e-05
5.432262049185109244e-06 -4.382631721285957006e-06 -4.802562082304806362e-06 -1.345484993499218516e-05 7.648059867464206973e-06 -8.916201019799892028e-06 -6.452583831798785276e-06 1.252120183144981012e-05 -7.425480300239641290e-06 8.281039298835672578e-06 -5.301273782403736074e-06 -6.636611394082936968e-06 -4.098738684279022358e-06 3.146092471741632978e-06 -5.809456857287818953e-06 -7.595225727654902557e-06 -7.353485413481561427e-07 -1.335970401596657388e-05 -6.313911006010437907e-07 -5.815695498987485030e-06
-1.467225204799105133e-06 -1.926149543729439266e-06 1.411684008980845498e-06 -3.628906530069157137e-06 -5.752854769640731662e-07 -1.773073137059594623e-07 -2.072657211816972992e-06 1.257294723069057998e-06 -4.096974897130810482e-06 2.634560421244511353e-06 -2.623486993680130286e-06 1.169811100112140211e-06 2.732196422017506277e-06 -3.574641419084767720e-06 -2.695064627954735671e-06 -1.626938343547935985e-06 -2.382036543871583265e-06 1.910511603683042728e-06 2.527427969198088672e-06 7.887632646967440089e-07
-3.042704976087490933e-07 -3.588755057440113421e-07 5.305285370498075624e-07 -7.481800542937659062e-07 4.754499910681918759e-07 -1.428930004261819882e-07 -7.810598840443911804e-07 6.523535010315667830e-07 3.733523029353125514e-07 -1.195217256370080689e-06 3.562125691821186347e-07 7.209193265656646591e-07 7.163573047259225398e-07 -3.030768143692920398e-07 -6.324383914928029256e-07 6.107719746277119997e-07 -3.232966524758696954e-07 -1.680688454693877956e-07 1.341554885493812933e-06 -9.651063984558108762e-07
2.553013039919156282e-08 -5.478239130232798514e-08 -8.046396144638042657e-09 -1.288800489366980174e-07 -1.350556890340335972e-07 7.835110421307205573e-08 -1.278913663305314940e-07 4.620086326013758628e-09 1.130657439581452690e-07 6.730489529536786223e-08 -9.388008085667018365e-09 1.196823743584458204e-07 9.753526728199638787e-08 1.154926242872919895e-07 1.501302992486590760e-07 -1.555299128613514234e-09 -1.288379102506855481e-08 -5.760426825990906572e-08 1.708838928738503962e-08 -1.778116514747338502e-10
