-3.338917627869282811e-01 -2.634078800555768041e-01 2.649851435606035976e-01 1.555983395500262878e+00 3.905360207475118695e-01 -4.877295865078054571e-01 -1.259465934862513015e+00 -5.539764662273869433e-01 2.714245867355356001e-01 9.889616343564574530e-01 -1.609889176234707175e+00 6.059546565220602643e-01 -1.175415363793883117e+00 -4.061508254303487497e-01 7.190440489898692888e-01 8.565630019648199367e-01 -1.546220456033263080e+00 2.159606475940112902e-01 -5.034397508891110817e-01 -2.102741099787868162e+00
9.694375984397662904e-01 9.647289590755322997e-02 9.091596645306321278e-02 -1.971285978598367183e-01 1.579488621571889517e-01 -7.191935012550075834e-01 1.784982820938663117e-02 -1.214614651732655259e+00 4.911488883210054501e-01 2.815586373410560728e-01 -3.188630309115917938e-01 3.057638791059625882e-01 -5.772223785944761154e-01 -4.587091768618736243e-01 1.224553813628446453e-01 1.727471684696807452e-02 -7.457661148724741285e-01 -1.419793055483055400e-02 4.567932263283525085e-01 -3.043042135931364189e-01
7.251917295324024348e-02 -1.171433424907061954e-01 -1.751406855752216662e-01 -3.029830460635199105e-03 2.210467434142771304e-01 7.052573291127781085e-02 1.589377010845725025e-01 -8.265146043525592456e-02 -2.298840378279681795e-02 1.903089368802821923e-01 9.513845780660253049e-02 -6.759158751504887319e-03 7.165533501293916419e-02 -3.047581369326193834e-02 1.165463320541920977e-01 1.914451899128204460e-01 -1.607283194455357833e-01 -2.365629049487880803e-02 1.378495545940942590e-01 -1.667178525789024535e-02
4.760025687495293700e-02 -7.532546497690285892e-04 3.290561217424500806e-02 5.979598267497294312e-02 7.293722952949202587e-02 -4.984669530430977519e-02 5.452076651746445846e-02 -1.726008920736890259e-02 -7.816790362355824362e-02 6.007891181588640578e-02 5.315856169253907471e-02 6.119788966992798646e-02 7.921460739405254692e-02 8.232792620138386364e-02 5.413599042133834804e-02 -3.358676720354460826e-02 -1.499732415211585054e-02 1.752443003535955612e-02 5.190552164760325882e-02 -4.445444954545726274e-02
-1.778807955442381766e-03 -2.829325464269291570e-03 2.163294530746592143e-02 -1.094251263641555193e-02 2.993888164494303006e-02 8.327184611691207730e-04 4.412048609183356201e-02 6.515191670336886731e-05 -2.131638042514463760e-02 -1.328062420902154268e-02 -2.780567368482225743e-02 3.623438206749694801e-02 6.281470055920040235e-03 -2.004510654396846753e-03 3.828503614551115319e-02 -6.711745258280805461e-03 7.281567733946687354e-03 -1.784792803836796407e-02 -5.460696132121117125e-03 -5.020124449608437227e-03
3.839880086505171458e-03 8.086787419401613927e-03 7.499332799155576830e-03 6.131674019493323774e-03 -3.703375150124448532e-03 2.698604695252238440e-03 9.808947036604802674e-03 4.104269342545146561e-03 2.039090494113081093e-03 3.213085960851969677e-03 -6.467139846067218242e-03 -2.026284082950849906e-03 1.134518121948315840e-02 -7.786900432333694264e-03 2.199304158715342968e-03 -3.857957279644555091e-04 -1.561490582484129953e-03 -1.485709092597093002e-02 2.341042823439542023e-03 -3.791510626568690701e-03
4.470118690280155439e-04 -2.348589961876173214e-03 2.233475547418542744e-03 2.418716474767942958e-04 -3.183655861642587653e-04 1.968766917514779696e-03 9.384935074287380132e-04 -1.715122075174439938e-03 4.351710319831000179e-05 1.239361653138167270e-03 1.286897970184890496e-04 -1.759000377668524097e-04 -2.124720703238240291e-06 -3.072838088835638543e-05 -1.880301274413128309e-03 3.611527763377132187e-05 1.923338580794997513e-03 -1.537075827088924419e-03 -2.408344649347279431e-04 -1.653495788882065843e-03
4.426318294533808958e-04 -4.738238917851250818e-04 -3.160214768039659814e-04 2.972948681871559863e-04 -1.346012712785883594e-04 -1.001242654365117925e-04 3.519770363041889384e-04 3.202652408382981137e-04 3.897490533189316791e-04 2.681368631117802713e-04 -6.371985574745498739e-04 3.623837548127500940e-04 8.538799751153933941e-05 1.568537227479365696e-05 -4.493793257216901474e-04 1.567682706914975651e-04 7.945193511131567110e-04 2.871789520097958867e-04 2.766145252106754111e-04 -1.217460701865340168e-04
-1.124646878928960191e-04 -7.485720387315034118e-05 -7.717202869126052098e-05 -2.755961666813499784e-06 -1.918204312426767305e-04 -2.485245999816490200e-04 1.338620661167655998e-04 7.772999375167445612e-05 -2.810394430566599540e-06 1.513861070990089592e-04 1.226216771189164961e-04 2.162419947363373464e-04 -8.200161912669059225e-05 -9.815645736099263858e-05 -7.106673909492697066e-05 1.166080834137228476e-04 1.248109397571240536e-04 -9.885210495939777595e-05 -1.356038720980119183e-05 -3.470763670813058720e-05
-5.799908999839710640e-06 3.793096259554860358e-05 -4.726240141482411251e-05 -4.402312001079659035e-05 -2.706600901690796958e-05 -1.486335510437276612e-05 2.028746463721188496e-05 -1.922210909223045109e-05 -4.133961869728371803e-05 4.347595798861224876e-06 -2.431666589985429934e-05 1.310132467774555065e-05 1.435997160312065069e-05 3.674093866648019347e-05 -4.686258380420042340e-05 3.396595971746824068e-05 9.785347850466125487e-07 -1.514567196809118443e-05 -1.901618364114968977e-05 -4.697060051425983209e-05
5.432262049187134500e-06 -4.382631721284124026e-06 -4.802562082303153801e-06 -1.345484993499106369e-05 7.648059867462663679e-06 -8.916201019802302683e-06 -6.452583831799651790e-06 1.252120183144909522e-05 -7.425480300239675172e-06 8.281039298835855537e-06 -5.301273782402582415e-06 -6.636611394082814148e-06 -4.098738684277929686e-06 3.146092471742896328e-06 -5.809456857288980235e-06 -7.595225727657339471e-06 -7.353485413478855156e-07 -1.335970401596607075e-05 -6.313911006000052224e-07 -5.815695498987773869e-06
-1.467225204801186928e-06 -1.926149543731292575e-06 1.411684008979179172e-06 -3.628906530070284114e-06 -5.752854769625257429e-07 -1.773073137035096048e-07 -2.072657211816136970e-06 1.257294723069786235e-06 -4.096974897130776601e-06 2.634560421244313147e-06 -2.623486993681299615e-06 1.169811100112001722e-06 2.732196422016378452e-06 -3.574641419086047164e-06 -2.695064627953564224e-06 -1.626938343545467096e-06 -2.382036543871865750e-06 1.910511603682539590e-06 2.527427969197011670e-06 7.887632646970305178e-07
-3.042704976069205080e-07 -3.588755057423803802e-07 5.305285370512684824e-07 -7.481800542927807010e-07 4.754499910668273587e-07 -1.428930004283343253e-07 -7.810598840451307460e-07 6.523535010309246262e-07 3.733523029352831170e-07 -1.195217256369914459e-06 3.562125691831537619e-07 7.209193265657828202e-07 7.163573047269126155e-07 -3.030768143681652743e-07 -6.324383914938371528e-07 6.107719746255395719e-07 -3.232966524756187090e-07 -1.680688454689365653e-07 1.341554885494760128e-06 -9.651063984560527041e-07
2.553013039659099300e-08 -5.478239130464383278e-08 -8.046396146715516692e-09 -1.288800489380947218e-07 -1.350556890320963799e-07 7.835110421613112845e-08 -1.278913663294843760e-07 4.620086326930587421e-09 1.130657439581876207e-07 6.730489529513091800e-08 -9.388008087134676654e-09 1.196823743582749580e-07 9.753526728059171608e-08 1.154926242856922619e-07 1.501302992501280429e-07 -1.555299125526913560e-09 -1.288379102542525660e-08 -5.760426826054735137e-08 1.708838928603864105e-08 -1.778116511290489459e-10
